1159
1228
1525
1554
1316
1408
1505
1210
1538
1646
1701
1803
1857
1930
2038
2108
2145
1000
1251
1519
1602
1812
1939
2041
2200
1340
1423
1500
1545
1631
1715
1832
1913
2014
2137
2146
1324
1350
1304
1414
1450
1710
1748
1832
1849
1854
2049
2056
2107
1247
1641
1754
1923
1929
1932
2106
1444
1719
1815
1859
1900
1958
2150
1401
1938
2106
1614
1209
1213
1356
1524
1531
1834
1909
2056
1200
1216
1240
1245
1524
1627
1627
1959
1159
1228
1525
1554
1316
1408
1505
1538
1646
1701
1803
1857
1930
2038
2108
2145
1000
1251
1519
1602
1812
1939
2041
2200
1200
1216
1240
1245
1524
1627
1627
1959
1938
1209
1213
1356
1524
1531
1834
1909
2056
1340
1423
1500
1545
1631
1715
1832
1913
2014
2137
2146
1304
1414
1450
1710
1748
1832
1849
1854
2049
2056
2107
1247
1641
1754
1923
1929
1932
2106
1444
1719
1815
1859
1900
1958
2150
1210
1401
1614
1324
1350
2106
